100093325314
100080366418
100087663114
100086585328
100086164116
100078738941
10095747854360
100086734607
100089790814
10089480679330
100091693125
10096811858590
10096741437197
100080354540
100054913922
10088026640988
100087471746
10097608005317
10096542664007
100065492733
100063091079
100099450014
100064351221
100099983230
10086383036652
100086585332
100075101594
10097661854509
100073870197
100047139674
100057334060
100073220648
100047612060
10076945364102
10097473927555
100041547677
100020974898
100073220634
100080686409
10096657702432
100053600110
100062465692
100068733645
100084289618
100078645786
100081538612
10083370853473
100071816249
10035366738416
10097667822764
100052541468
100075436655
100071564720
100091173651
10094955524061
10086560634354
100094266608
100077475840
10094573550925
100091054757
100068388615
100066954914
10086093056975
10085247327395
100068671878
10091219366286
10080693842755
10097161121132
10089161213978
10096091206693
10089051186532
10086620511336
10097763140389
10096203888391
10097014471664
10086008170773
10098160257721
10096307953775
43698343303
10092524901263
10096495187934
10046390301489
10093041131581
10094643898876
10094390400037
10078649931021
10098153466137
10093142214707
100069644207
10096465539908
10096793911130
100040882311
100099477228
10047336770390
10081509341663
100086639456
10096536457140
10096482927247
10043023436461
10092350173661
100054735456
10097227937474
10098197876093
10077868809354
10086859871708
10095231183655
10086318863340
10079458658607
10085048207673
10097228725423
100056365518
10086112881663
10094416727650
100029935280
10086811374151
10096315197786
10065601125405
10095191880475
10096747907035
10087013969812
10095484047686
10096505183446
10087020366919
30906990074
10077881922907
10091914628593
10096792773709
10095186504304
10096252037516
10088293453365
10095479797082
10054875431976
10093788019948
10052001879732
10096505096488
10085103672380
10094803902504
100053872549
10097940969230
10092965341232
100039769461
10094191135012
10090036644085
10096315227976
10037466943298
10097934456320
10069467931926
10097881653469
10097161244689
10089760965867
100082957731
10086289127826
10093498152363
10097600234705
10043502207730
10095884550074
100079665770
10084046256988
10082721116256
10090298450717
10097741577703
10044641271315
10089002992353
10035230055485
10084181200258
100079835424
100039769489
10096965467922
100094396436
100072946858
10095704008628
10076478157427
100081657966
10096814665148
10024380850877
10096505168036
10094892250965
10070011578949
10094586132884
10098160003972
10076706337622
10068866580023
10057755573833
10095952170837
100065627045
10084606284916
10098104961697
10090046388637
100055311328
10035039688708
10096294367912
10039885988917
10086522109637
10089082159825
10037933904866
10097856087147
10092670925655
10097154922533
10072615934977
68978193061
10089261477657
10095477328445
10076726264871
10094736323626
10083945164557
10091783468326
10087596034501
10048319450959
10067243376195
100022896225
10036216773507
10095354327183
10096448932029
52869307483
10095305746509
10096662932183
10087006897287
10094886258602
10094412310833
10044570389128
10076317072429
100047301980
10059966017057
10089261791787
100064999391
10021536380070
10095883698275
10095193088125
10096448270636
100059129315
100023214057
10097785456341
10097154575474
10096928334366
10094116298637
10094831948915
10096954503264
10096488254682
10096226032817
10045816562279
10029915926527
10089435664135
10089580029551
10046315142097
10092736174134
10096368244003
10095715697665
10096394573924
10095219169554
10096505148689
10096303890089
10093710220721
10096198335705
10097977944738
10094889205342
10096432193851
10084451772898
10092512091036
10091171473898
10088323158687
100009897579
100066548366
10097741731950
100031774542
10086784680417
10095205675367
10070965878675
100054735486
10069661858080
10093125250737
10095330837465
10098197815348
10096693885905
8717346
68696691829
10088210974599
10096142318495
100098669518
10083724849862
100062753984
10082918204713
10094382355228
10097785524098
10041341466144
10086280707203
100023678813
100045175893
10090384027447
10094101302385
10092541953619
28436178229
10027001078005
10091882029918
10096287115664
10096172791891
10094191005065
10097509548303
100099118850
10070182334969
10077373655677
100041033433
10092670925648
10093132989728
10074219360825
100057641356
10094368296580
10096418103491
10045923253770
10047974379946
100091411514
10088201676401
10098002353441
42767729174
10095514116165
10069014798675
10070509061486
10094776415225
10079669143289
10072616864041
10091158780875
10093191186627
10092504370373
100091715368
10098358770063
10095339906330
11075527091
10094610257939
10055608010955
10091249321073
10075755438008
10089835114059
10093207941826
10036038773983
10088251183195
10090391934282
10060071833793
10098129177634
10059183569227
10089261462202
10096899222747
10083411335426
10093017795739
10090379341056
10086476595923
10096473339407
10097088919155
10096423288867
10078437369977
10079009063880
10096245072732
100064201199
10091334143891
10029861455104
10096607039697
10056205001302
10057071801856
10096776630666
100068157779
100076666030
10026083149175
10096410683500
10081287377264
10091258711793
10096772197196
10096463817147
10096928400671
100076514675
10095366485797
10063135552098
10089451039245
10098192231757
10096773446302
10097617011455
10083123692583
10092671014656
10092580816101
100040064748
10029212047832
10097428863565
10087782793044
100017512037
10083702679952
100088630103
10095812922419
10096250487936
10078204798560
10096514942679
10083136976672
100060019383
10080701465122
10080913962749
10065889303507
10054340341991
10097135328242
10083701132874
10094318731027
10043745994261
100066896214
10094234127042
10088284394476
10098168287927
10097884410243
10095711950718
69392880288
10077441060196
10077840612396
10090717845430
10098002680384
10094835113190
10095416556657
10082060549919
10094027630845
10073120493569
100072836548
10037136621591
10083825616203
10054399961651
10096899156768
100082957745
40789813795
10096244264057
10094641062334
10097741694134
10092544184812
10085293533655
10072760813172
10037164865470
10025126715043
10075923597605
100083329689
10093729993336
10068927737146
10094776253349
10094364708259
10086922615638
10093138746490
10044047021310
10095407102984
10097561710657
10097504699379
100057735260
10086078199101
10086784678275
100088704709
10039174503977
10025559932008
10097494656508
10097849315500
10095186824168
10090648296340
10088609767756
10096443160560
10094641116783
10096481162511
10096374469677
10098126402380
10087735033886
100053992906
100071371794
10097258648339
10098126281168
10096326707705
10080011238095
10096196522450
10096230452736
71855118546
100077291618
10078110524458
10075135022321
10027283470533
10098104763492
10096463497389
10093738557869
10073099883964
10081516561202
10093344206365
10089539238899
10087625648045
10065641856175
10073249796136
10098024406339
10094908569708
10092795596858
100070696773
10086453821506
10048358237481
10087006212762
100069589788
27057668384
10094370278758
10094191168215
10073355760884
10097487624486
10092670945052
10094857497160
10080995974175
10096928432782
10063319642534
10096328639282
10039748372501
10090383981566
100066075820
10096314016428
10086179004134
10096233502893
10093510108667
10073605836846
10043009694071
10095096869783
10097466794846
10085383711815
10072961195797
10040327424132
10098008831005
10074365727369
10093060237924
10096839558516
10093659430698
10092670945021
10097586448921
10097790120553
10080369264112
10098128906832
10091357800094
10039814513987
100098498708
10095952215416
10092670925646
10097710166764
10094302712245
10094832486537
10024249737454
45226279192
10098128869947
10098198115430
10095138878843
10062164693530
10096688149369
10095129932500
10094191171696
100074487530
10093063785993
10096440323212
10055494760227
10038957875058
10097754950596
10088655379464
10097787985434
10090369583404
10095201986808
10098126798220
100086275027
10097616990183
100039797791
10095834132012
10085155663419
100047052408
100065496802
10095709918116
10070539749091
10086154238911
10081269738585
10055556309070
10078678644134
100029049527
10089118131857
10066952559268
10089101236284
100046337746
10096407650869
10080558627351
10086518889712
10094092173840
10079861306790
100088391512
10086621338419
100082427721
10094744029004
10071253223800
10095917055373
10089946551186
10095704788972
10078272355788
24622881482
10093018157834
10096233559126
100059543585
10071296460827
10074562599390
10097595690599
10096423036598
100049775534
10094191037805
10095711596396
10082394055426
10092823114109
10038324844198
10092670945044
10074105738176
100068850008
10086524972246
10093659743738
10091842891895
100052917553
10096404858546
10062649843975
10081167514937
10093134988390
10098199243821
10079855722770
10094092322644
10030651523048
10090355604429
10094401012366
10094191127756
10094191078349
10096881864219
10092995149788
10087820810940
10094891851687
10073071047208
10094046559771
10068754764567
10096785923283
10076054207640
10070517915363
10095412554130
10096899225049
37340184269
10097151286064
10098237499381
10093651137128
10097299890748
10098197624937
10085205774438
10089619002572
100059987415
10076759340684
10097648990090
10092677629781
10093193165532
10091433676310
10076003046571
100024444099
70209852950
10086784673338
10090392881634
10094776296178
10092670945012
10094191095132
10097051643311
10096445260714
10021522061289
10092566288475
10093641567276
10091229586030
10097884195481
10095151354441
10047902129745
10096286663877
10088286497345
10096965585328
10096430455361
10067394564178
10098191630699
100022214552
10093346518260
10095070719878
100088850080
10096981192564
100063246656
10096234489284
100049775546
10097873038174
10096428010970
64127674336
10087006604864
10093966980953
10086903042693
10096163122597
10091123707274
10096632389566
10096447295029
100044835937
10076092478759
10096368462313
10061234654949
10093017779223
10073605769039
10058335478777
10044387620165
100056846258
10082357908801
10050605873650
10098191602684
10096257183402
10096805786209
10096794578992
10082021337881
10085646552487
10093141501269
10082454302544
10096270937624
10096286956891
10074021890814
10098128985130
10093578299672
10097790150868
10093725065315
10092300591070
10098198912259
10096445733007
10095710418021
10081905960675
100047412712
67617749037
100057737883
10094857070242
10096568871009
10094960737608
10079731526027
10050634477454
10080470768332
10092423297953
10086489933983
100013877027
10096806983292
10094508309941
10074152117049
10070682944832
100068157795
10096847467717
100065032622
10097225722598
100070547188
10096294280980
100097961602
100050891495
10097239571208
10095491188141
10096635047852
10077633075312
10093048859876
100081598086
10084114204496
10083945164567
10094463653852
100071605357
10098220033916
10093049717204
10094416708618
10091778064312
10097651604929
10093645139807
10083628636449
10083668438499
100048813732
10094552822383
10095246658500
10070367831155
10090144951968
10096230423226
10096355754651
10094191064825
10058354755801
100039478696
10098196723947
10097157241463
10093111217167
10062293930207
10091737472058
10096376373324
10093729784575
10096150220919
10041889656268
10069054108194
100064635317
10057801123796
10085101781866
10097505571063
10093028155681
10096286749830
10094436198179
10048358282925
10090303831020
10096228830364
100042439870
10091878398342
10072783342111
10079453790386
10077639708406
10089762079358
100073701008
10096303913961
100053660557
10084102042176
10078328302052
10082461275316
10045818540268
10096478102874
100091041401
10095626709175
100030458938
10041307213339
10096073218388
10097779545641
10096540098484
10034138923749
10057549379116
10077283492640
10094190925759
10093277888625
10093126038225
100068157777
10096190780771
10040327131569
10090878251394
100068427651
10083340169514
10096910258385
10095335226023
10096314070817
10048165012311
10093207051952
10096505179456
10091924448368
10092231792230
10095755075080
10039111125028
10097362335030
10096875239019
10038724404510
10085388356761
10095210614527
100101682600
10096847467522
10065255112728
10096505146692
10090446052038
10020368134549
10031321087555
10044596836879
10041583387245
100052162085
10087006016644
10083825409913
10094812631909
10034137986968
10076787311896
10094980962474
10092973307578
10098104405457
10091432651410
10095871010092
100062952676
10096544791848
10093928471334
100101682598
10073542535009
10093410085508
10098126250901
10075252631111
10076452624039
10083125229453
10096481189949
10098191826780
10097456022974
10096481193822
10069014626945
10074432744706
10097029036980
10081479275933
10060401027442
10094191080540
10094831750087
10097934448599
10097569428824
10058684084368
10098198196264
100060089741
10087316267569
10089361081883
10096257158288
10085826950722
10095533378848
10093597621482
10096292605075
10095135291701
10091249116448
100070020915
10066632546498
10028415890176
10080487592516
10097066688911
10097299710397
10088982626006
10096634769349
100060829716
10094416719225
10096709859261
10083021823560
13463806233
10093507705330
10087205813371
10088535645682
10091430332229
10028755282148
10077462848866
10047355375310
10094404093981
10095875714283
10097452913803
10074242760651
10060211894487
100089583011
10089237732093
10096858491604
10092713629200
10083607781101
10094010376862
10038446011972
10073760561521
10097900650307
10078987134461
10057185449767
10087641951514
10097705827217
10096228020023
10083718513203
10098160089007
100059018854
100035104487
28744635997
10098196408842
18022564631
10098226101515
10083622146735
10089741215359
10094772529748
10060635047917
10043531463148
10096739923905
10085146359614
10096367592495
10073662748964
10096431941724
10037465100901
10087014402367
10095082905801
10096154931271
10091280906992
1022456037
100009285819
10071044713061
10097161329952
100022896215
100061716444
10080567882431
10067902650583
10080199408367
100067462309
10094859157725
10041390329859
10043679102878
10095281075722
10084114450764
10096155796696
10096608657849
100042368196
10093768954912
10092121434921
10093098884801
100042255530
42372186555
10095740251930
10096368369785
10096442919843
10073359097155
10094406146029
66340124985
10098159749087
100058687029
10094956431405
10096414310084
10045628819026
10063463062449
10077959550513
10070833283233
10089486106792
10088456841764
10094123652988
10095472573192
10075531884063
100088948925
10097993842707
10056397890908
10073605845263
10083944991589
10096276152049
10093517076752
10041006493626
10059995497564
10048360170914
10098158171719
10094911243101
10032631301175
10096968015733
10094517445346
10079344254766
10084382140814
10096505197524
10082456133937
10089261396708
10072248151431
10086627614868
10094886376241
100078606492
10083338815247
10055666379423
10047931856635
10097211669343
10070532917291
10094954601948
10077178303417
10097310455556
10095704464389
10096663856614
10080771820457
10080405325451
59565360276
10078183255016
10082908216643
10051673475161
10096772151389
10092929676793
10086757286911
10083997940638
10098127216258
10074854746053
10093059275930
10097790139914
10097084630292
10080578008705
10093468587673
10096885635379
10037619386383
10043627733237
10083093462011
10090898996271
10092300591074
10097229458155
10086289087271
10096418516971
10046283563991
10083628692119
10097161103223
10098197149913
10025201949310
10097760865772
10096172701986
10076478157422
10085981193166
10090307133019
10087020454496
10094268122694
10087305742587
10054598733761
10070829636209
10073607167067
10097028543941
10086025304281
10095497588629
10098198193837
100050607846
10096847541459
10094191065545
10096769715300
56611920853
10093314120935
100076932701
10094136082716
10098104743647
10093038771118
10066818785174
10061871450055
10097788335063
10098197352875
10084914453189
10096505173917
10081299393820
10097154917521
100060825985
10093212444461
10090342884368
10087281683340
10097448272603
10093108205707
10096286839413
10097719851579
10095420332589
55699353060
10096878047245
10086824600532
10096856089952
10096055085457
10083346812144
10096785482833
10094751923040
100072038432
100075327090
10094223604827
10085093029534
10096343328752
10094191130823
10096517621169
10097764263451
10086393368773
10096980120536
100082427785
10096315375318
10089074960196
10084696633150
10038075137014
63799210378
10096772167360
10025824967747
10093574925469
10059686435517
100049085182
10090024984141
10094860220458
10098127325138
10098126550447
10096440717583
10094030069863
10090763548413
10091802859078
10079358092025
10098126734970
10070559130008
100072574909
10096899148075
10093055615022
10086970169729
10095790968613
10098159955625
100083842965
10097390008766
100033905923
10094240015653
100072038484
10088605753171
100066955060
10096406432337
10055561695260
10098196790312
10083945164551
10083726480424
10095063020620
10097964093016
100087779800
10087066768196
10089853188049
10098082949116
10023002281929
10063142335426
10096163187284
10074454446892
10096473341583
10076160041908
100090468656
10084372655346
10098126563835
10095755051292
10083130163527
10093656318681
10096899258386
10051916132825
10089261524298
10094833420484
10094035455860
10062657216539
10085561113537
10031488271675
10077451973623
10089379381356
10095405990493
10097156788035
10096399562667
10096035650156
10070366035816
10096505164363
10098127854726
10075529767944
10088197149987
10098128737571
10070831782658
10097467270698
10094557922889
10072894844634
10026157116529
100084090939
10054350414781
42170427238
10071066222042
10088908767803
10070367512684
10096549808985
100048996868
10092565867034
10096875256943
10090383946108
10024199868618
10095856832975
10085228318915
10087883203175
10097134268989
10097458530285
10096788582225
10098301495911
10096401960375
10087056372173
10077527451595
10095800059287
10095301982941
10083945164559
10096966144662
10089464993989
10074153953429
10096552281539
10096505167913
10029980415708
10083138965078
10096789939146
10093054005075
10079137126264
10096495127316
10094046615053
10097258282230
10077041761936
10095960104525
10072370474750
10089027261243
10084043065945
10096956638785
10088707679608
10094505438879
10098152422183
10078443284700
10074051766305
10052001566591
10084354940079
10097760704790
10096287039239
10096315261496
41752164650
10092670925650
10097067833973
10090591956969
10090294222042
10026603472764
10088253072067
10070364330282
10096147178456
10094610161576
100054735488
10098128011178
100064201189
100049425402
10096368302987
10096964893845
10078349519197
100040179100
10087485844125
100056551473
100040064764
10094369379506
10070868992940
10057713295631
10096233106684
10086122594622
10073275183612
10088287069538
10088894063326
10089182241594
10096410308046
10090887350443
10096863225204
10096976525793
10058550333061
10096644610253
100039769479
10094806032815
10091803440348
65912564039
10091780212511
10098158612420
10096505100650
10096481123640
10095421626489
10095988832917
10088633327708
10079977381365
10094673924127
10090027719312
10096621033190
100074233310
100087779830
67976737668
10094926624139
10078996627682
10074082735942
10096813089871
10090383441905
10097316617592
10097631290942
10097093462698
10038585140647
10086760354690
10078358801489
100037943545
10089760401651
10092758889141
10080689767307
10043940040165
10092411671104
10098159910658
10096394090285
10097001976635
10090976497993
10034952737346
10095578805104
10067577979609
70066349050
10073787588974
10097309955476
10096495162557
10092544588496
10050190456326
10096343668079
10095284738313
10090370658658
10095288900146
10063843069768
10074085167445
10055608833423
10073607084530
10092597712539
10096886730785
